#Account Number
account_number = [[(165, 92), (193, 117)], [(194, 91), (223, 117)], [(225, 91), (253, 118)], [(255, 91), (282, 118)], [(285, 92), (312, 118)], [(316, 92), (343, 117)], [(345, 93), (373, 119)], [(375, 92), (403, 118)], [(406, 94), (431, 119)], [(435, 93), (462, 119)], [(463, 93), (492, 119)], [(494, 93), (523, 119)], [(525, 95), (554, 119)], [(556, 93), (582, 119)], [(585, 93), (612, 122)]]


#PAN NUMBER
pan_number = [[(165, 128), (193, 156)], [(194, 130), (223, 156)], [(225, 129), (253, 156)], [(254, 129), (283, 156)], [(285, 130), (314, 156)], [(315, 128), (341, 157)], [(345, 130), (372, 157)], [(375, 131), (402, 157)], [(405, 131), (432, 156)], [(434, 130), (462, 158)]]


#Date
date = [[(895, 141), (921, 168)], [(925, 142), (951, 168)], [(955, 142), (982, 169)], [(985, 143), (1012, 169)], [(1014, 144), (1042, 169)], [(1045, 142), (1071, 169)], [(1075, 142), (1102, 169)], [(1104, 142), (1130, 169)]]


#Mobile
mobile = [[(834, 180), (861, 207)], [(864, 181), (891, 206)], [(894, 182), (921, 206)], [(924, 181), (952, 206)], [(953, 183), (983, 206)], [(984, 180), (1012, 207)], [(1013, 183), (1042, 207)], [(1043, 182), (1070, 207)], [(1074, 182), (1101, 208)], [(1104, 181), (1131, 208)]]
